[
	[
		0.39501953125,
		1.32646484375,
		4.162109375,
		4.197265625,
		4.748046875,
		-2.3046875,
		0.0
	],
	[
		0.6325195312499999,
		0.22802734375,
		8.57421875,
		1.7380859375e1,
		4.822265625,
		-1.203125e1,
		0.234375
	],
	[
		0.8384765624999999,
		1.59365234375,
		4.0390625,
		1.6203125e1,
		9.498046875,
		5.15625,
		1.328125
	],
	[
		0.6306640625,
		0.7624023437499999,
		3.79296875,
		3.8984375,
		1.0982421875e1,
		1.76953125e1,
		7.8125e-2
	],
	[
		1.02587890625,
		0.2076171875,
		1.433984375e1,
		3.494140625,
		9.9619140625,
		1.0546875,
		-1.7265625e1
	],
	[
		0.72158203125,
		0.27255859375,
		1.4041015625e1,
		1.7275390625e1,
		1.40810546875e1,
		8.046875,
		1.484375
	],
	[
		0.6325195312499999,
		0.25771484375,
		4.00390625,
		1.73984375e1,
		9.4609375,
		-1.203125e1,
		0.703125
	],
	[
		0.834765625,
		0.13896484375,
		3.0546875,
		6.552734375,
		4.6923828125,
		-3.828125,
		-1.984375e1
	],
	[
		0.3783203125,
		0.49521484375,
		4.0390625,
		9.8046875,
		4.748046875,
		-1.4453125e1,
		7.8125e-2
	],
	[
		0.834765625,
		0.22802734375,
		8.29296875,
		1.363671875e1,
		1.0166015625e1,
		-1.48046875e1,
		-6.875
	],
	[
		0.9572265624999999,
		0.13154296875,
		4.0390625,
		8.451171875,
		9.4423828125,
		-3.828125,
		0.0
	],
	[
		0.12783203125,
		0.34677734375,
		4.0390625,
		7.6953125,
		4.859375,
		-1.1953125e1,
		1.01171875e1
	],
	[
		1.25224609375,
		1.05927734375,
		3.7578125,
		2.0,
		4.7666015625,
		-1.171875e1,
		1.2890625
	],
	[
		1.74951171875,
		0.2298828125,
		3.96875,
		6.359375,
		1.55283203125e1,
		-1.46875e1,
		-1.7734375e1
	],
	[
		0.61767578125,
		0.37646484375,
		1.532421875e1,
		1.469140625e1,
		3.6533203125,
		-1.3984375e1,
		7.8125e-2
	],
	[
		0.15751953125,
		0.49521484375,
		4.1796875,
		1.743359375e1,
		9.5166015625,
		-1.640625e1,
		-1.9921875e1
	],
	[
		0.6009765625,
		0.37646484375,
		4.00390625,
		1.7240234375e1,
		9.4052734375,
		-1.40625,
		0.0
	],
	[
		0.8384765624999999,
		0.137109375,
		4.14453125,
		1.7275390625e1,
		1.00361328125e1,
		-3.828125,
		0.703125
	],
	[
		1.6623046875,
		0.35048828125,
		3.494140625,
		7.02734375,
		1.4248046875e1,
		-1.70703125e1,
		0.15625
	],
	[
		0.43955078125,
		0.8236328125,
		7.66015625,
		1.6958984375e1,
		4.78515625,
		-3.90625e-2,
		-1.4453125e1
	],
	[
		0.6009765625,
		0.137109375,
		6.341796875,
		8.3984375,
		9.498046875,
		-1.234375e1,
		0.390625
	],
	[
		1.0462890625,
		0.51748046875,
		2.94921875,
		1.7240234375e1,
		9.5908203125,
		-4.6875,
		0.15625
	],
	[
		0.6325195312499999,
		1.19287109375,
		1.64140625e1,
		8.3984375,
		9.498046875,
		-1.71875e1,
		-1.9921875e1
	],
	[
		0.8384765624999999,
		0.13896484375,
		8.50390625,
		1.7240234375e1,
		9.4423828125,
		-3.828125,
		0.0
	],
	[
		0.6325195312499999,
		0.15009765625,
		4.021484375,
		9.365234375,
		9.3681640625,
		-4.453125,
		1.484375
	],
	[
		0.6325195312499999,
		0.70302734375,
		8.5390625,
		1.0490234375e1,
		9.423828125,
		-3.828125,
		7.8125e-2
	],
	[
		0.8533203125,
		0.37646484375,
		3.44140625,
		1.7205078125e1,
		9.5908203125,
		-3.828125,
		3.90625e-2
	],
	[
		0.62880859375,
		1.08896484375,
		8.6796875,
		8.43359375,
		9.498046875,
		-1.953125e1,
		2.578125
	],
	[
		0.8384765624999999,
		0.13896484375,
		4.00390625,
		1.7240234375e1,
		9.4423828125,
		-3.828125,
		0.0
	],
	[
		0.3931640625,
		0.6065429687499999,
		4.07421875,
		8.15234375,
		9.498046875,
		-1.16015625e1,
		1.40625
	],
	[
		1.547265625,
		0.45068359375,
		1.521875e1,
		9.962890625,
		1.01845703125e1,
		-2.03125,
		1.9140625
	],
	[
		1.8107421875,
		1.45634765625,
		4.00390625,
		1.5552734375e1,
		6.455078125,
		-2.1484375,
		9.375
	],
	[
		0.15009765625,
		0.270703125,
		4.091796875,
		1.1228515625e1,
		1.1056640625e1,
		0.78125,
		1.375e1
	],
	[
		0.9869140624999999,
		0.344921875,
		1.075390625e1,
		1.694140625e1,
		7.939453125,
		-3.984375,
		-8.515625
	],
	[
		1.10009765625,
		0.76982421875,
		4.1796875,
		1.7416015625e1,
		2.224609375,
		-1.19140625e1,
		7.8125e-2
	],
	[
		0.15751953125,
		0.22802734375,
		1.184375e1,
		1.2951171875e1,
		9.5908203125,
		-4.453125,
		2.5
	],
	[
		1.81630859375,
		0.6455078125,
		3.125,
		1.5693359375e1,
		1.0166015625e1,
		-3.5546875,
		3.8671875
	],
	[
		0.80322265625,
		0.7067382812499999,
		4.0390625,
		1.06484375e1,
		1.9072265625e1,
		4.0625,
		7.8125e-2
	],
	[
		0.6325195312499999,
		0.22802734375,
		4.0390625,
		8.3984375,
		9.498046875,
		-1.203125e1,
		7.8125e-2
	],
	[
		0.8384765624999999,
		0.6139648437499999,
		4.1796875,
		4.1796875,
		1.30791015625e1,
		-1.1953125e1,
		0.46875
	]
]